kinematics:
  shoulder:
    x: 0
    y: 0
    z: 0.08918501667510044
    roll: -0
    pitch: 0
    yaw: -2.749502368353233e-06
  upper_arm:
    x: 0.000107269917097091
    y: 0
    z: 0
    roll: 1.570525232048461
    pitch: 0
    yaw: 1.921977645271288e-05
  forearm:
    x: -0.4254954077228868
    y: 0
    z: 0
    roll: 0.000369043097955391
    pitch: 0.0005901088854669997
    yaw: 5.099356470552253e-05
  wrist_1:
    x: -0.3924103068549387
    y: -0.0008152208483887941
    z: 0.1107998582993478
    roll: 0.007357465532194211
    pitch: 0.001366817683118754
    yaw: 5.507031446329021e-05
  wrist_2:
    x: 1.88989034199928e-05
    y: -0.09486007969995007
    z: 0.000105027024422771
    roll: 1.569689148919446
    pitch: 0
    yaw: -3.884674228365137e-06
  wrist_3:
    x: 8.727327772039603e-05
    y: 0.08253620113769419
    z: 6.32978349575522e-05
    roll: 1.571563236607506
    pitch: 3.141592653589793
    yaw: 3.141560506388899
  hash: calib_10343820090916920413